{
 "cells": [
  {
   "cell_type": "code",
   "execution_count": null,
   "metadata": {},
   "outputs": [
    {
     "name": "stderr",
     "output_type": "stream",
     "text": [
      "|██████████| 100.0% ◆ elapsed 4.26ms ◆ remaining 0.00ms"
     ]
    },
    {
     "name": "stdout",
     "output_type": "stream",
     "text": [
      "==== MESolveResult ====\n",
      "Method : Tsit5\n",
      "Infos  : 40 steps (40 accepted, 0 rejected)\n",
      "States : QArray complex64 (101, 16, 16) | 202.0 Kb\n"
     ]
    },
    {
     "name": "stderr",
     "output_type": "stream",
     "text": [
      "\n"
     ]
    },
    {
     "data": {
      "text/plain": [
       "QArray: shape=(101, 16, 16), dims=(16,), dtype=complex64, layout=dense\n",
       "[[[ 3.67879450e-01+0.0000000e+00j  3.67879450e-01+0.0000000e+00j\n",
       "    2.60130078e-01+0.0000000e+00j ...  4.66228585e-06+0.0000000e+00j\n",
       "    1.24058272e-06+0.0000000e+00j  3.40248477e-07+0.0000000e+00j]\n",
       "  [ 3.67879450e-01+0.0000000e+00j  3.67879450e-01+0.0000000e+00j\n",
       "    2.60130078e-01+0.0000000e+00j ...  4.66228585e-06+0.0000000e+00j\n",
       "    1.24058272e-06+0.0000000e+00j  3.40248477e-07+0.0000000e+00j]\n",
       "  [ 2.60130078e-01+0.0000000e+00j  2.60130078e-01+0.0000000e+00j\n",
       "    1.83939770e-01+0.0000000e+00j ...  3.29673458e-06+0.0000000e+00j\n",
       "    8.77224579e-07+0.0000000e+00j  2.40592044e-07+0.0000000e+00j]\n",
       "  ...\n",
       "  [ 4.66228585e-06+0.0000000e+00j  4.66228585e-06+0.0000000e+00j\n",
       "    3.29673458e-06+0.0000000e+00j ...  5.90870478e-11+0.0000000e+00j\n",
       "    1.57224095e-11+0.0000000e+00j  4.31210753e-12+0.0000000e+00j]\n",
       "  [ 1.24058272e-06+0.0000000e+00j  1.24058272e-06+0.0000000e+00j\n",
       "    8.77224579e-07+0.0000000e+00j ...  1.57224095e-11+0.0000000e+00j\n",
       "    4.18355931e-12+0.0000000e+00j  1.14740411e-12+0.0000000e+00j]\n",
       "  [ 3.40248477e-07+0.0000000e+00j  3.40248477e-07+0.0000000e+00j\n",
       "    2.40592044e-07+0.0000000e+00j ...  4.31210753e-12+0.0000000e+00j\n",
       "    1.14740411e-12+0.0000000e+00j  3.14692852e-13+0.0000000e+00j]]\n",
       "\n",
       " [[ 3.70190918e-01+0.0000000e+00j  3.68301511e-01+2.3171574e-02j\n",
       "    2.58073777e-01+3.2602292e-02j ...  3.08326253e-06+3.2833896e-06j\n",
       "    7.61901049e-07+9.2097633e-07j  1.90834086e-07+2.6265559e-07j]\n",
       "  [ 3.68301511e-01-2.3171574e-02j  3.67872208e-01+0.0000000e+00j\n",
       "    2.58797348e-01+1.6282132e-02j ...  3.27291173e-06+3.0735473e-06j\n",
       "    8.15602618e-07+8.6854868e-07j  2.06278614e-07+2.4935400e-07j]\n",
       "  [ 2.58073777e-01-3.2602292e-02j  2.58797348e-01-1.6282132e-02j\n",
       "    1.82784066e-01+0.0000000e+00j ...  2.43846239e-06+2.0173247e-06j\n",
       "    6.12192196e-07+5.7490428e-07j  1.56142463e-07+1.6628195e-07j]\n",
       "  ...\n",
       "  [ 3.08326253e-06-3.2833896e-06j  3.27291173e-06-3.0735473e-06j\n",
       "    2.43846239e-06-2.0173247e-06j ...  5.47918551e-11+0.0000000e+00j\n",
       "    1.45107693e-11+9.1293867e-13j  3.91785996e-12+4.9494019e-13j]\n",
       "  [ 7.61901049e-07-9.2097633e-07j  8.15602618e-07-8.6854868e-07j\n",
       "    6.12192196e-07-5.7490428e-07j ...  1.45107693e-11-9.1293867e-13j\n",
       "    3.85835244e-12+0.0000000e+00j  1.04542200e-12+6.5772535e-14j]\n",
       "  [ 1.90834086e-07-2.6265559e-07j  2.06278614e-07-2.4935400e-07j\n",
       "    1.56142463e-07-1.6628195e-07j ...  3.91785996e-12-4.9494019e-13j\n",
       "    1.04542200e-12-6.5772535e-14j  2.86388507e-13+0.0000000e+00j]]\n",
       "\n",
       " [[ 3.72502267e-01+0.0000000e+00j  3.67250174e-01+4.6394490e-02j\n",
       "    2.51937866e-01+6.4686686e-02j ... -2.17690967e-07+4.4081639e-06j\n",
       "   -1.93337314e-07+1.1591155e-06j -8.72885266e-08+3.0691632e-07j]\n",
       "  [ 3.67250174e-01-4.6394490e-02j  3.67850512e-01+0.0000000e+00j\n",
       "    2.56442219e-01+3.2396160e-02j ...  3.04775540e-07+4.3562973e-06j\n",
       "   -5.78430672e-08+1.1600259e-06j -5.22530286e-08+3.1050882e-07j]\n",
       "  [ 2.51937866e-01-6.4686686e-02j  2.56442219e-01-3.2396160e-02j\n",
       "    1.81628495e-01+0.0000000e+00j ...  5.82626399e-07+3.0019007e-06j\n",
       "    5.63786671e-08+8.1040366e-07j -1.12190151e-08+2.1957706e-07j]\n",
       "  ...\n",
       "  [-2.17690967e-07-4.4081639e-06j  3.04775540e-07-4.3562973e-06j\n",
       "    5.82626399e-07-3.0019007e-06j ...  5.08071675e-11+0.0000000e+00j\n",
       "    1.33383686e-11+1.6850215e-12j  3.50284602e-12+8.9937367e-13j]\n",
       "  [-1.93337314e-07-1.1591155e-06j -5.78430672e-08-1.1600259e-06j\n",
       "    5.63786671e-08-8.1040366e-07j ...  1.33383686e-11-1.6850215e-12j\n",
       "    3.55809436e-12+0.0000000e+00j  9.48734255e-13+1.1985303e-13j]\n",
       "  [-8.72885266e-08-3.0691632e-07j -5.22530286e-08-3.1050882e-07j\n",
       "   -1.12190151e-08-2.1957706e-07j ...  3.50284602e-12-8.9937367e-13j\n",
       "    9.48734255e-13-1.1985303e-13j  2.60629897e-13+0.0000000e+00j]]\n",
       "\n",
       " ...\n",
       "\n",
       " [[ 5.82611680e-01+0.0000000e+00j  4.24846411e-01-5.3670682e-02j\n",
       "    2.15567455e-01-5.5347368e-02j ...  1.44476076e-08-8.1129974e-07j\n",
       "   -2.22140926e-07-4.3106238e-07j -3.35863291e-07-8.0863117e-08j]\n",
       "  [ 4.24846411e-01+5.3670682e-02j  3.14746827e-01+0.0000000e+00j\n",
       "    1.62292942e-01-2.0502472e-02j ...  8.88485658e-08-2.5988609e-07j\n",
       "    1.43177061e-08-1.1291020e-07j -1.43505048e-08-5.0131547e-08j]\n",
       "  [ 2.15567455e-01+5.5347368e-02j  1.62292942e-01+2.0502472e-02j\n",
       "    8.50185454e-02+0.0000000e+00j ...  3.84815024e-08-7.7458985e-08j\n",
       "    1.03700053e-08-2.4437657e-08j  2.15545359e-09-7.9257783e-09j]\n",
       "  ...\n",
       "  [ 1.44476076e-08+8.1129974e-07j  8.88485658e-08+2.5988609e-07j\n",
       "    3.84815024e-08+7.7458985e-08j ...  3.10493412e-14+0.0000000e+00j\n",
       "    5.68889223e-15-7.1863196e-16j  7.53331516e-16-1.9342532e-16j]\n",
       "  [-2.22140926e-07+4.3106238e-07j  1.43177061e-08+1.1291020e-07j\n",
       "    1.03700053e-08+2.4437657e-08j ...  5.68889223e-15+7.1863196e-16j\n",
       "    1.14600678e-15+0.0000000e+00j  1.50910752e-16-1.9063459e-17j]\n",
       "  [-3.35863291e-07+8.0863117e-08j -1.43505048e-08+5.0131547e-08j\n",
       "    2.15545359e-09+7.9257783e-09j ...  7.53331516e-16+1.9342532e-16j\n",
       "    1.50910752e-16+1.9063459e-17j  3.06634298e-17+0.0000000e+00j]]\n",
       "\n",
       " [[ 5.84586442e-01+0.0000000e+00j  4.27481592e-01-2.6894983e-02j\n",
       "    2.20165208e-01-2.7812399e-02j ...  5.82325470e-07-5.2955511e-07j\n",
       "    1.82920274e-07-4.3323280e-07j -1.30627896e-07-3.0810043e-07j]\n",
       "  [ 4.27481592e-01+2.6894983e-02j  3.13835561e-01+0.0000000e+00j\n",
       "    1.62276760e-01-1.0209703e-02j ...  2.34012163e-07-1.2411091e-07j\n",
       "    8.86422598e-08-6.4537545e-08j  2.81749735e-08-4.1482718e-08j]\n",
       "  [ 2.20165208e-01+2.7812399e-02j  1.62276760e-01+1.0209703e-02j\n",
       "    8.42414200e-02+0.0000000e+00j ...  7.58435021e-08-3.3702225e-08j\n",
       "    2.32617055e-08-1.0262463e-08j  6.92359370e-09-3.6911691e-09j]\n",
       "  ...\n",
       "  [ 5.82325470e-07+5.2955511e-07j  2.34012163e-07+1.2411091e-07j\n",
       "    7.58435021e-08+3.3702225e-08j ...  2.87067292e-14+0.0000000e+00j\n",
       "    5.27004249e-15-3.3152610e-16j  7.06656983e-16-8.9274507e-17j]\n",
       "  [ 1.82920274e-07+4.3323280e-07j  8.86422598e-08+6.4537545e-08j\n",
       "    2.32617055e-08+1.0262463e-08j ...  5.27004249e-15+3.3152610e-16j\n",
       "    1.05214378e-15+0.0000000e+00j  1.38590485e-16-8.7184663e-18j]\n",
       "  [-1.30627896e-07+3.0810043e-07j  2.81749735e-08+4.1482718e-08j\n",
       "    6.92359370e-09+3.6911691e-09j ...  7.06656983e-16+8.9274507e-17j\n",
       "    1.38590485e-16+8.7184663e-18j  2.79054773e-17+0.0000000e+00j]]\n",
       "\n",
       " [[ 5.86555421e-01+0.0000000e+00j  4.28421468e-01-1.1175871e-07j\n",
       "    2.21267775e-01+9.0897083e-07j ...  7.54447797e-07+6.3924062e-08j\n",
       "    4.32987633e-07-1.2570388e-07j  1.68221987e-07-2.7155843e-07j]\n",
       "  [ 4.28421468e-01+1.1175871e-07j  3.12920302e-01+0.0000000e+00j\n",
       "    1.61614895e-01-8.9406967e-08j ...  2.44762816e-07+6.7657481e-08j\n",
       "    1.02748828e-07+2.0102959e-08j  4.74539306e-08-4.0830912e-09j]\n",
       "  [ 2.21267775e-01-9.0897083e-07j  1.61614895e-01+8.9406967e-08j\n",
       "    8.34696367e-02+0.0000000e+00j ...  7.63516610e-08+2.1524592e-08j\n",
       "    2.27975843e-08+8.1106570e-09j  7.01770375e-09+2.4224622e-09j]\n",
       "  ...\n",
       "  [ 7.54447797e-07-6.3924062e-08j  2.44762816e-07-6.7657481e-08j\n",
       "    7.63516610e-08-2.1524592e-08j ...  2.65402663e-14+0.0000000e+00j\n",
       "    4.86260482e-15+4.0445823e-20j  6.52295943e-16-1.7999450e-21j]\n",
       "  [ 4.32987633e-07+1.2570388e-07j  1.02748828e-07-2.0102959e-08j\n",
       "    2.27975843e-08-8.1106570e-09j ...  4.86260482e-15-4.0445823e-20j\n",
       "    9.65947162e-16+0.0000000e+00j  1.26772205e-16+8.4372422e-22j]\n",
       "  [ 1.68221987e-07+2.7155843e-07j  4.74539306e-08+4.0830912e-09j\n",
       "    7.01770375e-09-2.4224622e-09j ...  6.52295943e-16+1.7999450e-21j\n",
       "    1.26772205e-16-8.4372422e-22j  2.53955814e-17+0.0000000e+00j]]]"
      ]
     },
     "execution_count": 6,
     "metadata": {},
     "output_type": "execute_result"
    }
   ],
   "source": [
    "import dynamiqs as dq\n",
    "import jax.numpy as jnp\n",
    "\n",
    "# parameters\n",
    "n = 16          # Hilbert space dimension\n",
    "omega = 1.0     # frequency\n",
    "kappa = 0.1     # decay rate\n",
    "alpha0 = 1.0    # initial coherent state amplitude\n",
    "T = 2 * jnp.pi  # total evolution time (one full revolution)\n",
    "\n",
    "# initialize operators, initial state and saving times\n",
    "a = dq.destroy(n)\n",
    "H = omega * a.dag() @ a\n",
    "jump_ops = [jnp.sqrt(kappa) * a]\n",
    "psi0 = dq.coherent(n, alpha0)\n",
    "tsave = jnp.linspace(0, T, 101)\n",
    "\n",
    "# run simulation\n",
    "result = dq.mesolve(H, jump_ops, psi0, tsave)\n",
    "print(result)"
   ]
  },
  {
   "cell_type": "code",
   "execution_count": null,
   "metadata": {},
   "outputs": [],
   "source": []
  }
 ],
 "metadata": {
  "kernelspec": {
   "display_name": ".venv",
   "language": "python",
   "name": "python3"
  },
  "language_info": {
   "codemirror_mode": {
    "name": "ipython",
    "version": 3
   },
   "file_extension": ".py",
   "mimetype": "text/x-python",
   "name": "python",
   "nbconvert_exporter": "python",
   "pygments_lexer": "ipython3",
   "version": "3.12.8"
  }
 },
 "nbformat": 4,
 "nbformat_minor": 5
}
